
2022-01-14 18:15:56
训练时长0m7s使用算法: rf
0.0782072852417162
3
0.12065732177703546
0.12507678856851098
0.12489256226359696
0.12066794934259249
0.12155695412818551
0.12366038444744724
0.12154366500008391
0.12400337928195153
0.12723017103569897
0.11971647777068689
0.11941225608674773
0.12893132707421467
0.11992251712132714
0.1188350327440663
0.1247529860047852
0.11514767634602996
0.12949078553041152
0.11546909036725934
0.11586084534002604
0.09956788986467413
0.1066212961544416
0.09729702118807045
0.0974255478030676
0.08860277095553866
0.0782072852417162
0.09624278528218731
