
2022-01-14 18:15:11
训练时长0m0s使用算法: lgb
0.146497838831615
2
0.146497838831615
0.146497838831615
0.146497838831615
0.146497838831615
0.146497838831615
0.146497838831615
0.146497838831615
0.146497838831615
0.146497838831615
0.146497838831615
0.146497838831615
0.146497838831615
0.146497838831615
0.146497838831615
0.146497838831615
0.146497838831615
0.146497838831615
0.146497838831615
0.146497838831615
0.146497838831615
0.146497838831615
0.146497838831615
0.146497838831615
0.146497838831615
0.146497838831615
0.146497838831615
