
2022-01-22 02:10:37
训练时长0m3s使用算法: ada
0.10392004278750588
3
0.15250632188215008
0.15240505379076122
0.15296036416415856
0.13953612072075036
0.16751027947853092
0.1662078825888279
0.1504424868398685
0.12459189105416896
0.12461561764169919
0.1381923061944525
0.1382079421625996
0.15202840027317147
0.1347033649674563
0.1365547918868328
0.1220674249902048
0.13838807127398944
0.11349044798025183
0.12053066629515179
0.1289529507417413
0.13882928079019577
0.13795202240135648
0.11917970810168242
0.12964743703592432
0.1342439579161386
0.10392004278750588
0.17303018151296803
