
2022-01-22 02:16:38
训练时长5m59s使用算法: xgb
0.09418489063731217
2
0.13897566831486285
0.13772242264379767
0.137729833691602
0.137729833691602
0.137729833691602
0.137729833691602
0.137729833691602
0.137729833691602
0.13704358784316703
0.1376983406011759
0.13611206538308326
0.1360915542604529
0.13577991593292701
0.13702121687684274
0.1399352794717233
0.13760055448657393
0.13606222911049282
0.13394635093734447
0.1346704262162964
0.13319816214603306
0.1338743016025437
0.12877537488242755
0.12701201737860718
0.11752309877248014
0.1111530638646912
0.09418489063731217
