[-2800.02489 -2800.54297 -2719.14367 -2804.51575 -2803.71391 -2797.42696
 -2801.84477 -2797.16007 -2808.9835  -2711.59013 -2805.28224 -2815.96339
 -2806.26079 -2713.07363 -2856.7808  -2713.18528 -2796.89968 -2717.51799
 -2797.67337 -2793.80038 -2798.2498  -2767.15553 -2808.82206 -2793.69155
 -2708.75571 -2714.79359 -2715.88301 -2796.52106 -2712.68668 -2798.83342
 -2720.56976 -2718.33363 -2796.53376 -2807.24355 -2717.40372 -2797.08249
 -4336.78459 -2803.34224 -2798.9109  -2798.57295 -2798.11141 -2797.89027
 -2794.59736 -2802.81626 -2812.94781 -2798.90708 -3490.28147 -2810.91017
 -2723.36579 -2709.79042 -2799.12753 -2797.70233 -2797.40408 -2799.16991
 -2802.44703 -2804.28916 -2862.35435 -2713.87745 -2797.16007 -2798.57688
 -2796.47346 -2721.43457 -2799.44285 -2799.31456 -2720.37485 -2801.08184
 -2801.87781 -2799.48316 -2797.68321 -2810.88649 -2796.85097 -2800.16864
 -2718.61374 -2852.8815  -2798.01788 -2800.05155 -2719.91517 -2797.92141
 -2708.94566 -2795.91454 -2724.35331 -2715.38945 -2715.99643 -3494.13468
 -2808.1632  -2799.63954 -2801.91206 -2797.44872 -2797.02355 -2799.72142
 -2812.15675 -2806.87549 -2800.39706 -2805.85004 -2799.09392 -2707.63047
 -2715.1186  -2807.02991 -2799.49569 -2716.9735  -2799.92128 -2716.52942
 -2801.02189 -2796.63747 -2796.80276 -4334.96045 -2799.79371 -2798.75614]