
2022-01-22 02:16:47
训练时长0m7s使用算法: rf
0.11089548846313685
3
0.1393915434274048
0.1420778292129093
0.14252386853911728
0.1379959296497497
0.13931382221676933
0.14107366390352147
0.1411488196849007
0.14198886831914673
0.14310699374858807
0.13378996021978687
0.1370620836534313
0.1398107094382625
0.13193094200453753
0.1338161251840192
0.12842885801808607
0.12571046896151983
0.12244146232195145
0.12495767233180677
0.12663742289667254
0.12120257188435711
0.12170690501477414
0.1203173105423659
0.11882610052077712
0.12193491113230291
0.11089548846313685
0.1723328658092866
