
2022-01-14 18:15:47
训练时长0m25s使用算法: xgb
0.051696915599873695
5
0.08594701444854617
0.08671818875308047
0.08671818875308047
0.08671818875308047
0.08671818875308047
0.08671818875308047
0.08672010102521732
0.0867176336230407
0.08678451693121873
0.08661403221264379
0.08659459862743536
0.08609261419491275
0.08625189294829046
0.0839338528576591
0.08357771462638504
0.07847690213039162
0.08040418495419177
0.08601104386382004
0.08730333879777853
0.08576700407769362
0.08646087843343404
0.073373840523817
0.051696915599873695
0.0627804161149893
0.08376372968467179
0.15761877976755537
