
2022-01-13 13:33:59
训练时长0m8s使用算法: rf
0.051363986222089764
2
0.08084172447150771
0.0705105287097644
0.08308655054479408
0.08892224342788525
0.09156799089533861
0.08279519688016035
0.08879567071111256
0.0841556909779751
0.0847504868908671
0.0816521738420763
0.07124424699147608
0.0863354085047114
0.08137476147055513
0.07953820549404142
0.07796551388046406
0.07264991807856587
0.08198506740786997
0.0870120244716213
0.0659023480759739
0.0639224747277571
0.058167160095871556
0.06586755795555754
0.06651367235899769
0.055202906890664205
0.058266319762807835
0.051363986222089764
