
2022-01-13 13:33:08
训练时长0m0s使用算法: lgb
0.25109096077986026
2
0.25109096077986026
0.25109096077986026
0.25109096077986026
0.25109096077986026
0.25109096077986026
0.25109096077986026
0.25109096077986026
0.25109096077986026
0.25109096077986026
0.25109096077986026
0.25109096077986026
0.25109096077986026
0.25109096077986026
0.25109096077986026
0.25109096077986026
0.25109096077986026
0.25109096077986026
0.25109096077986026
0.25109096077986026
0.25109096077986026
0.25109096077986026
0.25109096077986026
0.25109096077986026
0.25109096077986026
0.25109096077986026
0.25109096077986026
