
2022-01-14 18:15:14
训练时长0m1s使用算法: gbdt
0.0975392458644388
3
0.1176602510779912
0.12350409174971072
0.12054365629511758
0.1162557415878388
0.12159000256527323
0.11896496315973039
0.11599407671232807
0.11365552643074395
0.12116747933288603
0.11436555435377167
0.11342301544694294
0.11705491722951245
0.11354741845276356
0.113464717856963
0.11917823384231362
0.1060998826200258
0.11600425022720585
0.10581934231240268
0.10770863263910048
0.0975399823186442
0.09859544765496038
0.10082183475591698
0.11472835820494254
0.10576336374253566
0.0975392458644388
0.10918042804930383
