
2022-01-14 18:15:20
训练时长0m3s使用算法: ada
0.060769834114746867
3
0.0997048085563758
0.09888668077791402
0.10457518801313309
0.10084657343614085
0.10595321352583853
0.10953045911169347
0.10354852695274215
0.11230253059689237
0.10616115148506035
0.104797525223941
0.10033332216935083
0.1089146686526674
0.1071442995332219
0.09371599188732725
0.09400257074411172
0.09563363476575541
0.08633903876145531
0.10174353854578554
0.10124636747838633
0.09433525765295081
0.07947509702315306
0.07880247291847206
0.08088064205109106
0.08784515291670297
0.060769834114746867
0.07103327406564554
