
2022-01-22 02:10:28
训练时长1m39s使用算法: lgb
0.23247616330096574
2
0.23247616330096574
0.23247616330096574
0.23247616330096574
0.23247616330096574
0.23247616330096574
0.23247616330096574
0.23247616330096574
0.23247616330096574
0.23247616330096574
0.23247616330096574
0.23247616330096574
0.23247616330096574
0.23247616330096574
0.23247616330096574
0.23247616330096574
0.23247616330096574
0.23247616330096574
0.23247616330096574
0.23247616330096574
0.23247616330096574
0.23247616330096574
0.23247616330096574
0.23247616330096574
0.23247616330096574
0.23247616330096574
0.23247616330096574
