
2022-01-13 13:33:49
训练时长0m24s使用算法: xgb
0.05191036908224624
4
0.07338661511192333
0.07625248285952482
0.07841997134512187
0.07681091631322999
0.07535757638693837
0.07676237536084032
0.07535757638693837
0.07676300809365892
0.07561433460023353
0.07674709989871845
0.07446753537945605
0.07600015600895296
0.07322225890269958
0.07936911087111968
0.07941882728916626
0.07673017368554795
0.0760386147149193
0.0775702077657402
0.06167087071429309
0.06829561056442696
0.07356529944295148
0.06616536786951732
0.06601867350576772
0.05191036908224624
0.06664411810314791
0.07433313666307842
