
2022-01-13 13:33:18
训练时长0m7s使用算法: gbdt
0.04879768700838067
2
0.087158068516187
0.07901743749051654
0.08835142000839442
0.08828722549386099
0.08542293026533447
0.08672656911068706
0.08195680467491555
0.09338405598378308
0.08265227056783901
0.08430191100251327
0.09154185551408178
0.0743313391733962
0.07025179790985275
0.08543477394847672
0.08021503103237111
0.07951450339743903
0.07362291977081115
0.07495403253670936
0.06908823526790113
0.05720505810975687
0.07281889185657006
0.07132040606684542
0.06379723404335826
0.06109990415226057
0.05510447909046026
0.04879768700838067
