
2022-01-22 02:10:31
训练时长0m1s使用算法: gbdt
0.08722105047339225
3
0.14569404570759406
0.15138008841916864
0.1480996485117733
0.15184416551597896
0.15154032156421213
0.14857411533563358
0.15261160444272423
0.15514414428443637
0.15312296493179345
0.1557667515159286
0.14621330042593597
0.14536287735027925
0.14811879399350827
0.15268542087820675
0.14853223511473726
0.15137084091438896
0.16086161383825057
0.14036138609358653
0.14049750573579314
0.13953333511965912
0.14322451808820827
0.1296679375871792
0.12661218909104502
0.11761342917667432
0.08722105047339225
0.1728644676579003
