
2022-01-13 13:33:23
训练时长0m3s使用算法: ada
0.09117495091842755
2
0.10786395313224277
0.10551115359066811
0.12140835487271633
0.11329142611611781
0.10808847744343326
0.10579479411765058
0.1088575860320674
0.10705206785796491
0.0985375918722184
0.11494120898553749
0.10339837786027
0.10196684738157825
0.10784246979624923
0.11146041230901103
0.10534736770384634
0.10372333763937597
0.10259958928917633
0.10086550312484666
0.10107416739807122
0.09560948966059844
0.09507518173080336
0.10004945834019867
0.1039065721714076
0.09759056701466286
0.10597887223122353
0.09117495091842755
